18.31242463535917
19.38138992019985
22.77972945046071
24.31711626816395
27.2978449462405
28.892183947556138
35.32781566241902
36.22634670987639
39.60137067089533
40.837199799660496
44.27434119322751
45.443554718150565
49.02601952684516
50.093029988413896
53.77982393212942
54.79787863511181
58.50442698356999
59.521690068088624
63.228286300977295
64.16761817416014
68.19262536209858
68.4208557228806
89.24110109232069
90.0654169504078
93.8818304010578
94.81519607645019
98.59673461741977
99.54964209157463
103.31803353113175
104.26373749173513
108.05091308592417
108.88354877109384
125.17275552699319
125.32647542258668
129.20720327470207
130.30346829908652
133.85194431907644
134.9698823821236
138.62919587989006
139.6275685181646
143.40322291948792
144.3564619763979
148.06920663768867
149.19476781893906
152.61445185168785
154.10653756078736
157.02125666255037
159.08633422549798
160.9968828816316
167.1355400424274
169.03514086506573
171.28014012941546
174.39674188526604
175.59798828177006
193.9540553741906
195.17588518065276
198.40573592856452
200.09596518493424
202.8834331115397
204.53592005211044
207.11546561872075
207.70620891673158
210.72066645098545
212.02334008487082
215.27512164637767
216.5717587428961
220.01311369949562
221.1716025734651
224.78395152131654
225.83237704498106
229.53150845208623
230.55226811644593
234.24390309575878
235.27274230527414
238.97436823475778
239.87620307682943
260.46288144137884
261.00241891648585
264.94976442717166
265.82720933939146
269.62706058723353
270.56625800696236
274.34980115026923
275.2965099705627
279.07517355101237
279.98690998709884
283.8496864222679
284.52360438751555
300.5870253568075
301.2047861475266
304.93122941201943
306.02378037422176
309.6120857360424
310.6935605775106
314.3838306977609
315.37616436914254
319.12205989662436
320.1358349703957
323.7553130785748
324.9772869305392
328.2822387116533
329.8577872170318
332.65558526349577
334.75372929989027
336.4090740838607
338.84542960086213
339.82845983068614
342.51635745211945
344.8858977564199
346.8020444859401
350.24736463171826
351.1032554088371
365.3423007510993
365.6248062863185
369.5749154804193
370.9752406688246
374.00611782860074
375.876489028145
378.3973297531788
380.0865456542078
382.13916939687846
383.4073074830703
386.2874787190937
387.7579237031594
390.9868640658844
392.2914543437227
395.766909232914
396.89574280449375
400.54494736064527
401.5741192158841
405.2788942684166
406.3090020487113
409.9793537635533
411.0195168856632
414.72703219599833
415.56260922149164
436.08955717663576
436.81536063030137
440.6738032689741
441.5837620409705
445.3759066257852
446.3173176342274
450.103208103359
451.0389949061112
454.8388734847735
455.6930027480431
459.7365285363991
460.05424769630724
476.19157513839156
476.98842367466
480.6668836442043
481.7473888720819
485.37264156884817
486.4255191842534
490.13245355154197
491.13333087650744
494.8381899232739
495.9133009678834
499.44748193639145
500.7444749660447
503.9606988210592
505.57909326810784
508.29098871834105
510.2893852584692
511.7778958049071
513.9098223841991
515.7130216178732
517.9949210666163
520.7110401006141
522.352761240514
526.1414669911695
526.5788937598059
540.8707004769591
541.5041991711172
545.1736242295768
546.7803413178943
549.5710144114207
551.6610215704153
553.7765830395136
555.5205888400833
557.3864846017924
559.0847509320658
561.9418454500793
563.4673941606766
566.7248563232648
568.001525772302
571.5314601460452
572.6183633543674
576.3053266189371
577.3196611584352
581.0204447644
582.067309361547
585.7111996754245
586.7598831056388
590.4952002853769
591.2131466979863
607.597005538565
607.7832461987142
611.7653539949199
612.5950676344958
616.4085641103765
617.3378985600156
621.1267156057917
622.0677401287172
625.8576015064332
626.7743463375099
630.6157152621531
631.3733072337867
651.8532743626628
652.744291586259
656.4107418670516
657.4751018488261
661.1321642930905
662.165371460492
665.8755664288389
666.895941943492
670.5538496203646
671.6845030649919
675.1467521170108
676.4928509745855
679.6514837469409
681.2559465026079
683.9186296112911
685.5872986903813
687.2201540087572
689.2259286534993
691.5314609231697
693.5333911703616
696.5246988680749
697.9285924627644
716.4165138901826
717.3479302184213
720.7472124795929
722.594878831296
725.0825286173534
727.4563488961518
728.9452747411053
730.9157629777867
732.869312596854
734.7522790701889
737.6468596122868
739.1619062662575
742.4824826868844
743.7047632117084
747.3027925827836
748.3415776600774
752.0616469550351
753.0699405874576
756.7552579868496
757.8260009162798
761.4402293941722
762.4911342767759
766.3074321300999
766.7911282872709
782.9622355302159
783.5615258057679
787.4684159596015
788.3605015120957
792.1506802050827
793.0911253427086
796.8783608280465
797.8163328208595
801.6145186851053
802.4991487196108
806.4218098824261
807.0089058544963
827.5465324434808
828.4895584004635
832.1603301016664
833.2075122823093
836.8895024510825
837.9122336110518
841.6143250590729
842.6603372296651
846.2711069184925
847.4455422327283
850.8550187977606
852.21694546569
855.3596478483372
856.8578142847663
859.5146695951383
860.6852548364791
862.8034346808898
864.6939222934808
867.330991370986
869.1120786446511
872.3321509197746
873.5272335530267
891.9560674508614
893.1807473430835
896.2907450938961
898.4286403174489
900.5066640417499
903.3034919937625
903.8938377862087
906.3692435365131
908.4967303354724
910.4117119248119
913.3849936372432
914.8452916703204
918.255506195794
919.4029270097237
923.0767552075
924.0675170561665
927.8110076002201
928.825315533999
932.4829684181834
933.5836243835652
937.1676692066469
938.2094870551325
958.5885741364224
959.3720104123398
963.189349143382
964.1189071573873
967.8974690513207
968.8440510358051
972.6302715709323
973.5613678732605
977.3767961807887
978.2087238572772