3.348353109375362
4.308864938355924
7.815165731056551
8.595856496087587
12.203340718580451
13.000929898337796
16.477481278577432
17.468515907843294
20.69401559984525
21.86915374411259
24.88780111448291
26.03987682382201
29.06801333471794
29.48080150467396
32.406640271329096
33.26345307462979
36.24216795147089
37.45017053751279
40.541524252476435
41.65101131683918
44.985322291207204
45.885314512843664
49.44270822230294
50.20178243651566
53.795512409914444
54.636829418217744
58.047610383203576
59.09853622121158
62.2550973055881
63.45837055342326
66.44414654216018
67.49784816073553
70.56148578167617
70.71737606949486
73.77693789962946
74.82262842917939
77.80650808970965
79.01134208681098
82.16358824891188
83.2181567650555
86.6250220192773
87.4687468531472
91.0621040642948
91.81917854166414
95.38047776642483
96.27604534384312
99.61523548793413
100.72205275090766
103.81560695095541
105.0268226972259
107.99990634288605
108.87926138476169
111.79741987898353
112.21058425678571
115.22922516025778
116.3817774983659
119.3950256034973
120.57397055721057
123.79475443494574
124.78912442177517
128.2633616814652
129.06120449138749
132.6707931262424
133.4474463243742
136.95893320246674
137.9150115134608
141.18070912179144
142.33524599472628
145.3760200568679
146.5631374473766
149.55615330846967
150.16569760228992
153.03764201421495
153.7579589075186
156.7406302118488
157.9403776421459
161.00033421638668
162.13769472401532
165.43099234658354
166.36425637111685
169.89535117497024
170.66349937626285
174.26799097752857
175.0827886264388
178.53164350691603
179.5492436199334
182.74391665490936
183.93333138887022
186.9358710550223
188.05171795646234
191.11004187748156
191.36991260957518
194.36238567018182
195.31108009651874
198.29039943393224
199.49916447836242
202.61674884666363
203.70278340323264
207.06883005288626
207.94410726909848
211.5180192079592
212.27530183424147
215.85542925113836
216.72066285007583
220.09985243178537
221.17571060064444
224.30479306627888
225.51211176161002
228.49388239285656
229.47444722670707
232.5057662192454
232.69416264502777
235.77218289921015
236.86763421659415
239.86555449547848
241.05930171747107
244.24159139752308
245.27025204958582
248.70642521609025
249.53015523499477
253.13098319691824
253.8962544697843
257.4358666555229
258.35839004861424
261.66506041351334
262.79333014224494
265.86374706222955
267.06650005560994
270.04843798596494
270.8141734680726
273.70044799491023
274.2456820195279
277.24990829126085
278.4267316213002
281.45998097156644
282.6216574930395
285.8740258660492
286.84165012737566
290.3420015506411
291.1249583207548
294.73464352521
295.52613509901295
299.01143405459527
299.9945948797982
303.2285845767899
304.4005998082887
307.42178741774865
308.58612346081736
311.5967482297075
312.068277030989
314.96729159972335
315.8034010732011
318.7778413705237
319.98720430772204
323.0702385330733
324.1865599529065
327.512233625485
328.4186186573383
331.9720010918057
332.7309960111993
336.3290392808605
337.16322601961934
340.5831305482064
341.6269047098774
344.7911720111744
345.9930389529577
348.9800989968308
350.05205080854296
353.1094968098658
353.2916394273043
356.33088073314025
357.36036200555935
360.3410727535783
361.5481471676744
364.6923272369051
365.7539850791801
369.1521711783977
370.00238200747316
373.5921335053354
374.34862773029386
377.9144807423449
378.8033071740194
382.1512651245358
383.25138329677094
386.3528159309362
387.56310748720546
390.53913312297476
391.4399321017195
394.38452286897467
394.7422203124542
397.7770343039094
398.91687675578186