-2.780933146875695
0
0.08706145180907739
3.348353109375362
4.308864938355924
7.815165731056551
8.595856496087587
12.203340718580451
13.000929898337796
16.477481278577432
17.468515907843294
20.69401559984525
21.86915374411259
24.88780111448291
26.03987682382201
29.06801333471794
29.48080150467396
32.406640271329096
33.26345307462979
36.24216795147089
37.45017053751279
40.541524252476435
41.65101131683918
44.985322291207204
45.885314512843664
49.44270822230294
50.20178243651566
53.795512409914444
54.636829418217744
58.047610383203576
59.09853622121158
62.2550973055881
63.45837055342326
66.44414654216018
67.49784816073553
70.56148578167617
70.71737606949486
73.77693789962946
74.82262842917939
77.80650808970965
79.01134208681098
82.16358824891188
83.2181567650555
86.6250220192773
87.4687468531472
91.0621040642948
91.81917854166414
95.38047776642483
96.27604534384312
99.61523548793413
100.72205275090766
103.81560695095541
105.0268226972259
107.99990634288605
108.87926138476169
111.79741987898353
112.21058425678571
115.22922516025778
116.3817774983659
119.3950256034973
120.57397055721057
123.79475443494574
124.78912442177517
128.2633616814652
129.06120449138749
132.6707931262424
133.4474463243742
136.95893320246674
137.9150115134608
141.18070912179144
142.33524599472628
145.3760200568679
146.5631374473766
149.55615330846967
150.16569760228992
153.03764201421495
153.7579589075186
156.7406302118488
157.9403776421459
161.00033421638668
162.13769472401532
165.43099234658354
166.36425637111685
169.89535117497024
170.66349937626285
174.26799097752857
175.0827886264388
178.53164350691603
179.5492436199334
182.74391665490936
183.93333138887022
186.9358710550223
188.05171795646234
191.11004187748156
191.36991260957518
194.36238567018182
195.31108009651874
198.29039943393224
199.49916447836242
202.61674884666363
203.70278340323264
207.06883005288626
207.94410726909848
211.5180192079592
212.27530183424147
215.85542925113836
216.72066285007583
220.09985243178537
221.17571060064444
224.30479306627888
225.51211176161002
228.49388239285656
229.47444722670707
232.5057662192454
232.69416264502777
235.77218289921015
236.86763421659415
239.86555449547848
241.05930171747107
244.24159139752308
245.27025204958582
248.70642521609025
249.53015523499477
253.13098319691824
253.8962544697843
257.4358666555229
258.35839004861424
261.66506041351334
262.79333014224494
265.86374706222955
267.06650005560994
270.04843798596494
270.8141734680726
273.70044799491023
274.2456820195279
277.24990829126085
278.4267316213002
281.45998097156644
282.6216574930395
285.8740258660492
286.84165012737566
290.3420015506411
291.1249583207548
294.73464352521
295.52613509901295
299.01143405459527
299.9945948797982
303.2285845767899
304.4005998082887
307.42178741774865
308.58612346081736
311.5967482297075
312.068277030989
314.96729159972335
315.8034010732011
318.7778413705237
319.98720430772204
323.0702385330733
324.1865599529065
327.512233625485
328.4186186573383
331.9720010918057
332.7309960111993
336.3290392808605
337.16322601961934
340.5831305482064
341.6269047098774
344.7911720111744
345.9930389529577
348.9800989968308
350.05205080854296
353.1094968098658
353.2916394273043
356.33088073314025
357.36036200555935
360.3410727535783
361.5481471676744
364.6923272369051
365.7539850791801
369.1521711783977
370.00238200747316
373.5921335053354
374.34862773029386
377.9144807423449
378.8033071740194
382.1512651245358
383.25138329677094
386.3528159309362
387.56310748720546
390.53913312297476
391.4399321017195
394.38452286897467
394.7422203124542
397.7770343039094
398.91687675578186
401.92758423063844
403.1094435573169
406.3218689453465
407.32399467367725
410.7893318690292
411.5936229117281
415.2004036553185
415.97545061042274
419.49233100950926
420.44150815494567
423.716114207914
424.8643637981068
427.9129351108877
429.1016777421847
432.0975591680925
432.73355494048707
435.61362186909776
436.2891801708708
439.2810618090664
440.47428502038673
443.5295446554836
444.6717986642042
447.9560308437053
448.8972793271904
452.42093027854895
453.19311768514024
456.7979912891676
457.60831616473786
461.06469782496004
462.0749531707952
465.27829858480345
466.46364907551424
469.47092778529253
470.59737920546075
473.6483778414213
473.9482588338895
476.92133629837855
477.84575784570666
480.8244292805093
482.0335904353815
485.14358219124324
486.2363641765715
489.59367534244717
490.4755141740646
494.0455822884476
494.80238654297426
498.3872726995598
499.24519066817186
502.63356728702473
503.7026903347618
506.8388183461473
508.0465879043128
511.02684740549967
512.033070136947
515.0650262511742
515.253719783008
518.3189801967028
519.4049682355296
522.396651538467
523.5949782750604
526.7683652113172
527.8042876816314
531.23308433931
532.0611399134106
535.6616024654203
536.4228538852556
539.9699226827418
540.8842745802234
544.200198384456
545.3231629607417
548.398772154778
549.606436593057
552.5816246994881
553.3864399479965
556.2716777752536
556.7887546679553
559.7914550171087
560.9644916191305
563.9907771407896
565.1580814887349
568.4015319390098
569.3764091045307
572.8701905221238
573.6563797664918
577.2670160737323
578.0536112806294
581.5467073814605
582.5222499206334
585.7650049077183
586.9324918388398
589.9587979950984
591.13038649484
594.1359562269361
594.6457152180609
597.5352670768533
598.339923585639
601.3168073239565
602.5236269372444
605.6003599122221
606.722554369527
610.0390769788946
610.9532191588041
614.5000069277305
615.2620210397173
618.8613516014763
619.6906136112834
623.1182495256207
624.1547678232334
627.3278363963591
628.5254450479382
631.5185562482121
632.6006792726103
635.6795181673563
635.8423698656318
638.8893065092983
639.89393444966
642.876319707302
644.0828983471278
647.220117786468
648.2885786962339
651.6773121560799
652.5352756443268
656.1196746300111
656.8773237835261
660.4463529433853
661.3291262216413
664.6855559990361
665.7787222291164
668.8884699194481
670.0970241458047
673.0766532835762
673.9977755202843
676.972073342346
677.2712738443079
680.3237957925339
681.450593324865
684.4584254916095
685.6434097308177
688.8474319464262
689.8571046645321
693.3141744503412
694.1239593637055
697.7291754328403
698.5013077261412
702.0247207017655
702.9664012725888
706.2499529628327
707.3928972399319
710.4471106269904
711.6411037110149
714.6308023465991
715.3075685509934
718.1830611506207
718.8265613107094
721.8191195431957
723.0096856421177
726.0578598845304
727.2061435238251
730.4814790734897
731.429747679562
734.9478994217571
735.7217368531274
739.3294543861131
740.1332821387119
743.5986081512342
744.6011893760331
747.8127294941623
748.9956694592853
752.0046538571341
753.1459144779901
756.174897021022
756.5398893665653
759.4786363043495
760.385079113676
763.3588905682354
764.5703655422191
767.6718273504188
768.7716219496432
772.1204979962746
773.0083573488552
776.5752062008756
777.3309957167652
780.9210133908181
781.7714092772403
785.1690732101388
786.2313411733913
789.3747282235723
790.582223692618
793.5623734687186
794.5907812583754
797.6278862440626
797.8128277266293
800.8696581992078
801.9428253088296
804.9302610158354
806.131786915393
809.2967955025927
810.3399742022837
813.7604101238835
814.5943893349387
818.1922021367567
818.9518537746347
822.5043012236317
823.4115791712018
826.7364004775798
827.8529862169758
830.9360455183011
832.1441216692439
835.1209801566466
835.9509551999618
838.8548361513256
839.3220252649896
842.3369262339338
843.4999479372406
846.5227258911058
847.6937235995517
850.9285288946494
851.9112988547715
855.396522031451
856.1885739462557
859.7972402003461
860.5814480028488
864.0805193978308
865.0490017281217
868.3007187249192
869.4622185995127
872.496075971623
873.6706747466638
876.679254362153
877.215219003675
880.1072914845166
880.871705410246
883.8558682472546
885.0576872632015
888.129202701337
889.256754294594
892.5640604628455
893.4862335601193
897.0259328346376
897.7914388128029
901.3917488442157
902.2161429994914
905.651548142011
906.6807859102397
909.8624499585326
911.0564114263688
914.0540026953659
915.1486416856682
918.2254173511761
918.4144833596034
921.4452070716962
922.4282612070181
925.4095025712948
926.6171643093727
929.7466245768251
930.8220186801503
934.2020901160013
935.0664295635231
938.6474809495145
939.4040680534622
942.9783147010334
943.8536655302794
947.2192640559996
948.3059996788247
951.4224603414641
952.6323962574772
955.609514288588
956.559779969692
959.5412987771034
959.819302240372
962.8682342567541
963.9874632589729
966.9888090887686
968.1787903798512
971.3738797679151
972.3908015838451
975.8408711067007
976.6544234206223
980.2600422944201
981.0274616181434
984.558797281138
985.4923122841602
988.7849588974209
989.9231551670559
992.9818684424471
994.1825889260404
997.1630879332355
997.8842096854418